OUTPUT:6
0121
0000
1210
0000

OUTPUT:1
10000000
00001000
01000000
00002100
00100000
00000210
00010000
00000001

OUTPUT:2
0010
1020
0200
0100

OUTPUT:3

OUTPUT:4
0010
1000
0001
0100

OUTPUT:5
10000000
00001000
00000010
01002000
00000100
00100201
00000100
00010000

OUTPUT:6
0121
0000
1210
0000

OUTPUT:1
10000000
00001000
01000000
00002100
00100000
00000210
00010000
00000001

OUTPUT:2
0010
1020
0200
0100

OUTPUT:3

OUTPUT:4
0010
1000
0001
0100

OUTPUT:5
10000000
00001000
00000010
01002000
00000100
00100201
00000100
00010000

OUTPUT:6
0121
0000
1210
0000

